333
107
422
47
183
273
278
870
675
320
552
506
639
228
695
127
200
19
440
553
368
604
581
574
152
689
371
136
172
667
317
245
11
412
416
216
213
435
986
39
321
716
475
582
219
151
413
66
253
949
221
654
512
705
823
729
526
848
895
495
902
143
698
9
3
308
495
227
813
480
914
765
33
402
232
653
130
999
355
1
276
306
883
223
446
664
733
306
589
687
690
365
540
492
137
179
19
466
580
911
657
187
254
774
36
456
621
110
474
171
600
528
493
895
219
597
260
475
563
340
576
190
638
126
790
549
226
542
266
54
635
664
420
445
345
90
52
109
188
990
43
623
832
419
88
163
873
645
273
540
919
544
904
241
336
467
549
128
985
487
231
80
845
421
537
936
108
49
551
129
546
152
287
573
297
953
358
220
39
627
677
581
269
726
135
91
761
180
110
878
542
924
125
702
760
964
779
412
882
152
55
824
95
145
995
768
257
331
944
383
109
329
90
358
810
651
811
119
286
446
176
929
939
673
588
622
27
586
814
333
175
946
338
887
573
853
487
125
732
368
835
430
236
727
769
214
835
768
893
110
153
660
126
437
977
127
886
422
558
373
741
672
517
611
209
163
991
203
786
957
165
687
388
919
611
746
693
212
904
374
788
260
693
705
181
515
820
902
911
447
968
65
567
359
627
164
914
625
519
606
223
632
982
937
946
466
273
208
826
232
434
674
518
184
586
482
979
813
431
695
343
90
293
340
989
100
120
29
293
448
833
69
694
298
152
157
278
757
760
715
242
613
77
679
13
295
547
384
774
145
186
102
194
824
264
133
339
643
948
846
346
244
916
378
400
365
980
221
32
430
205
222
53
717
453
731
14
615
327
695
554
737
256
148
263
732
875
870
35
19
818
635
810
915
369
998
698
699
280
649
315
327
352
345
941
964
49
478
371
533
120
725
317
254
293
610
989
768
116
669
491
110
186
13
612
570
413
139
349
456
34
316
335
679
380
227
385
912
207
299
683
398
499
503
900
93
318
557
623
759
10
930
583
612
158
205
142
339
733
371
552
911
129
916
500
805
390
639
874
66
226
77
561
817
986
93
612
684
114
519
252
856
516
590
446
104
733
724
521
175
86
46
179
836
747
772
269
584
3
96
704
680
683
557
534
934
369
766
626
65
594
458
226
215
120
696
395
539
471
397
72
667
119
699
980
180
898
725
70
214
824
28
681
19
816
573
174
959
57
513
735
967
98
456
582
629
821
965
717
52
378
731
113
607
24
37
562
984
578
354
36
645
697
412
241
566
777
207
399
547
523
436
483
959
662
105
569
663
118
352
360
934
8
19
837
94
916
75
995
779
12
190
382
703
477
91
271
686
215
16
852
614
566
171
530
942
248
154
945
919
469
899
867
227
995
102
637
678
576
147
651
703
213
621
536
333
55
780
482
572
835
883
448
102
501
747
368
838
490
896
846
762
131
77
310
113
324
156
709
376
455
594
111
68
366
150
402
946
636
197
888
469
673
373
85
587
452
765
726
249
734
799
188
681
302
889
572
137
311
423
10
899
72
107
118
242
772
380
736
352
345
423
203
293
8
378
90
758
992
724
662
559
430
460
642
656
406
431
767
478
578
266
635
213
188
989
398
566
256
843
815
72
29
375
904
312
596
895
673
924
799
814
145
587
761
451
470
612
466
462
837
342
613
259
774
80
788
990
106
20
981
525
502
150
910
591
530
55
557
330
61
511
758
844
679
764
122
49
453
737
519
786
101
795
7
473
459
771
602
824
524
606
790
653
943
275
312
996
677
171
922
415
55
136
401
326
585
770
581
11
959
740
538
369
502
195
424
708
143
438
132
760
454
733
807
455
721
106
901
404
452
127
372
282
816
104
732
965
394
681
889
690
190
592
866
785
69
421
152
749
851
605
853
240
40
163
962
323
330
947
606
479
869
177
559
833
369
256
554
398
464
460
314
462
550
442
570
863
868
22
386
301
954
153
553
848
274
132
243
654
143
409
636
448
76
410
822
14
33
33
417
814
867
754
285
392
291
391
691
598
593
99
456
308
561
305
525
716
624
711
560
237
13
901
255
55
825
867
387
140
621
557
830
835
606
573
434
201
869
162
557
883
442
646
61
44
954
328
887
771
885
106
390
322
474
180
801
967
499
230
568
424
5
551
978
37
270
621
703
988
872
325
848
463
155
677
796
368
841
212
101
497
981
616
256
516
167
508
361
427
773
468
702
639
594
133
878
892
668
24
775
333
626
899
900
560
258
927
168
798
