84
10
67
53
30
91
94
16
63
62
63
94
70
59
91
80
45
9
52
32
44
35
62
7
78
46
67
35
82
21
94
17
33
90
79
86
24
66
13
64
100
29
82
36
39
86
2
15
33
12
5
36
64
40
19
50
48
60
75
85
24
59
35
42
69
46
62
81
80
5
57
80
96
89
32
16
54
27
69
93
44
52
3
71
16
59
54
94
72
30
39
64
91
29
40
42
94
40
67
93
24
22
35
28
56
26
40
76
9
3
97
21
92
83
41
72
57
65
26
10
93
69
10
51
67
93
89
68
49
90
22
14
60
76
69
22
17
75
15
91
19
79
86
69
34
18
72
9
88
68
86
30
14
57
1
56
13
85
62
63
37
73
27
19
82
83
62
17
14
20
55
82
50
36
92
15
84
42
18
49
21
81
80
81
5
93
100
3
75
14
10
33
14
53
54
47
53
67
88
51
57
56
96
69
14
5
81
79
66
87
73
72
67
13
42
57
93
46
14
89
83
59
42
100
10
22
68
97
82
46
62
17
54
67
93
66
85
12
68
1
12
22
38
88
41
39
67
2
12
98
54
7
54
99
69
98
15
96
59
92
37
84
97
21
25
57
18
100
20
77
72
82
78
14
78
61
22
54
59
72
56
66
86
85
93
56
63
56
99
96
51
90
53
77
64
29
26
17
64
85
22
67
83
36
26
72
29
41
22
8
76
61
37
88
36
71
98
12
29
70
94
62
2
24
26
83
29
2
50
49
35
5
91
75
50
90
84
51
60
21
27
23
35
92
20
91
53
66
41
93
32
15
89
94
92
60
66
59
10
44
43
28
91
73
73
72
71
63
38
47
88
47
52
8
43
71
28
10
5
35
30
64
62
57
18
21
17
97
84
91
24
26
41
17
78
100
32
62
19
49
20
91
28
94
6
85
63
81
52
21
33
56
55
75
15
80
66
34
56
52
56
75
80
48
23
63
6
36
31
44
39
66
92
56
16
39
36
68
52
34
59
36
46
63
59
69
71
67
2
99
34
99
7
67
93
46
12
81
71
44
79
27
51
8
82
67
65
99
60
76
44
99
83
22
94
21
29
17
90
55
92
40
34
32
11
41
59
25
63
70
28
56
97
9
55
32
85
38
82
92
4
72
7
27
55
36
16
85
73
73
17
95
91
17
52
39
93
19
98
41
8
40
36
90
48
88
2
75
67
63
36
92
35
99
52
20
34
8
78
75
26
74
52
91
54
33
66
81
57
17
39
67
41
42
84
64
37
17
79
68
34
42
19
11
38
26
60
93
66
32
6
86
42
23
16
35
89
46
37
16
23
22
18
51
24
70
51
94
15
88
84
17
29
10
42
85
56
42
53
28
73
73
16
26
12
54
25
18
26
50
76
91
81
64
45
13
24
68
88
69
75
67
78
78
49
89
57
32
82
32
79
48
94
9
43
50
7
93
40
70
45
33
69
66
12
93
37
66
66
30
61
89
54
85
53
7
95
38
78
23
98
93
37
95
72
29
98
73
21
95
6
32
29
18
24
43
99
13
67
56
53
91
67
52
71
91
94
9
56
37
55
69
15
17
73
52
96
74
95
84
96
64
46
71
24
29
60
37
61
11
9
83
72
22
71
7
27
86
25
81
36
89
17
84
40
38
17
12
45
72
47
25
19
84
61
89
46
96
29
43
31
58
49
45
28
73
98
94
47
67
26
11
50
14
48
7
48
62
31
87
12
49
92
89
65
84
64
88
62
82
61
31
57
82
51
79
41
72
56
68
40
24
66
79
47
36
76
6
36
55
42
85
66
43
31
83
66
60
81
45
9
10
32
65
7
95
55
68
63
70
66
76
6
64
47
88
83
13
43
30
8
59
53
8
41
77
66
15
52
69
13
81
92
12
59
30
93
1
73
53
82
9
43
66
89
66
79
2
96
43
100
54
18
51
37
50
58
25
25
30
29
40
16
95
58
85
84
94
5
17
96
83
41
90
49
100
17
87
19
75
98
64
19
9
69
60
64
41
76
9
73
68
77
43
25
42
94
48
9
4
82
85
98
79
47
18
13
29
3
38
34
71
6
50
33
65
22
7
27
99
22
44
19
97
45
29
7
99
66
7
7
69
79
16
94
13
67
40
62
51
47
36
38
39
76
2
62
27
11
60
21
87
22
11
82
39
67
2
35
19
12
15
64
96
32
65
93
91
57
20
98
82
45
76
52
87
6
81
22
43
67
80
88
6
87
20
48
68
34
55
47
66
6
44
40
33
73
42
8
11